      -1      -1       0       1       0       0       0       0       1   -0.5378    1.0220    1.0000
   -6.5417  -10.2541    0.0000    6.5417    0.0000    0.0000   -1.1243    0.0000    7.5144
      -1       0       0      -1      -1       0       0       0       1    0.5378    1.0220    1.0000
   -6.5417    0.0000    0.0000   -6.5417  -10.2541    0.0000   -1.1243    0.0000    7.5144
      -1       0       0       0      -1       0       0       0       1    0.0000    1.0220    1.0000
   -6.5417    0.0000    0.0000   -0.0000  -10.2541    0.0000   -1.1243    0.0000    7.5144
      -1       0       0       1      -1       0       0       0       1   -0.5378    1.0220    1.0000
   -6.5417    0.0000    0.0000    6.5417  -10.2541    0.0000   -1.1243    0.0000    7.5144
      -1       1       0      -1       0       0       0       0       1    0.5378    1.0220    1.0000
   -6.5417   10.2541    0.0000   -6.5417    0.0000    0.0000   -1.1243    0.0000    7.5144
       0      -1       0       1       0       0       0       0       1   -0.0000    1.0220    1.0000
   -0.0000  -10.2541    0.0000    6.5417    0.0000    0.0000   -1.1243    0.0000    7.5144
       0       1       0      -1       0       0       0       0       1   -0.0000    1.0220    1.0000
    0.0000   10.2541    0.0000   -6.5417    0.0000    0.0000   -1.1243    0.0000    7.5144
       1      -1       0       1       0       0       0       0       1    0.5378    1.0220    1.0000
    6.5417  -10.2541    0.0000    6.5417    0.0000    0.0000   -1.1243    0.0000    7.5144
       1       0       0      -1       1       0       0       0       1   -0.5378    1.0220    1.0000
    6.5417    0.0000    0.0000   -6.5417   10.2541    0.0000   -1.1243    0.0000    7.5144
       1       0       0       0       1       0       0       0       1    0.0000    1.0220    1.0000
    6.5417    0.0000    0.0000    0.0000   10.2541    0.0000   -1.1243    0.0000    7.5144
       1       0       0       1       1       0       0       0       1    0.5378    1.0220    1.0000
    6.5417    0.0000    0.0000    6.5417   10.2541    0.0000   -1.1243    0.0000    7.5144
       1       1       0      -1       0       0       0       0       1   -0.5378    1.0220    1.0000
    6.5417   10.2541    0.0000   -6.5417    0.0000    0.0000   -1.1243    0.0000    7.5144
